num = 28.62
den = [0.042 1 0]